0001063      
0001318      
0001324      
0001376      
0001732      
0002973      
0003582      
0003599      
0004297      
0004920      
0005078      
0005865      
0005871      
0007054      
0007077      
0007114      
0007189      
0007278      
0008728      
0010234      
0012032      
0012049      
0013793      
0014491      
0014580      
0014628      
0015272      
0015384      
0015800      
0015823      
0016231      
0017615      
0018589      
0018595      
0018951      
0019962      
0020385      
0021002      
0021657      
0021841      
0022792      
0023082      
0023099      
0024940      
0024957      
0025738      
0026117      
0026502      
0026519      
0027393      
0027430      
0027594      
0027602      
0028866      
0029392      
0029699      
0030389      
0031130      
0031294      
0031696      
0033318      
0034186      
0035145      
0035955      
0036067      
0036245      
0036446      
0037931      
0038037      
0038528      
0038824      
0038876      
0038882      
0038994      
0039841      
0040040      
0040100      
0040407      
0041849      
0041855      
0042205      
0042211      
0042346      
0042381      
0042398      
0043989      
0044440      
0045244      
0045250      
0045267      
0045385      
0045416      
0046456      
0046781      
0047065      
0048053      
0049064      
0049093      
0049259      
0049265      
0049271      
0050015      
0050251      
0050825      
0050848      
0050989      
0050995      
0052899      
0054846      
0055455      
0055828      
0058815      
0058821      
0058838      
0060048      
0060114      
0060120L6    
0061935      
0061941      
0061958      
0061964      
0061970      
0061987      
0062886      
0062900      
0062917      
0062975      
0062981      
0063532      
0063584      
0063638      
0063650      
0063756      
0063816      
0063928      
0063934      
0064129      
0064135      
0064141      
0064543      
0065459      
0065525      
0065548      
0066016      
0066476      
0066499      
0067091      
0067116      
0067292      
0067352      
0067553      
0067932      
0068481      
0069434      
0069919      
0070147      
0071810      
0072821      
0073016      
0073134      
0073401      
0073476      
0073973      
0074665      
0074719      
0075914      
0078462      
0079645      
0080022      
0087024      
0087076L12   
0093065      
0093616      
0094886   SG 
0094975      
0094998      
0098720      
0099205      
0101296      
0103668      
0116004      
0119273      
0119296      
0119304      
0121732      
0122281      
0132641      
0137408      
0146927      
0147513      
0149239      
0151348      
0151934      
0154039      
0154140      
0154594      
0154737      
0155777      
0157718      
0159516      
0159769      
0169644      
0171428      
0171434      
0171486      
0171948      
0176621      
0177394      
0178873      
0178904      
0182136      
0182225      
0182260      
0182490      
0187866      
0188506      
0188529      
0188647      
0189983      
0190093      
0190199      
0191885      
0193105      
0193111      
0193186      
0193513      
0193559      
0193938      
0193944      
0194116      
0194122      
0195423      
0202270      
0202318      
0202324      
0202330      
0202353      
0202376      
0202471      
0202488      
0202531      
0202554      
0202577      
0204895      
0207304      
0207310      
0207327      
0207333      
0438009      
0438274      
0438386      
0438400      
0440093      
0440325      
0440331      
0442637      
0442643      
0442666      
0442672      
0442689      
0442695      
0452127      
0452216      
0453701      
0455404      
0455410      
0455663      
0455893      
0455901      
0456220      
0456303      
0458213      
0458578      
0458584      
0458638      
0458644L12   
0461250      
0461310      
0486356      
0486385      
0489917      
0489952      
0490151      
0490234      
0490642      
0490748      
0492173      
0501386      
0507897      
0507928      
0508141      
0508158      
0508276      
0508282      
0508448      
0509465      
0509471      
0510876      
0515974      
0518228      
0519541      
0519630      
0519742      
0519825      
0519831      
0520024      
0520030      
0520188      
0520260      
0520343      
0520946      
0520952      
0522709      
0522715      
0522744      
0523577      
0523614      
0523726      
0523732      
0523749      
0523844      
0528528      
0530293      
0530436      
0532955      
0533021      
0533191      
0533222      
0533239      
0533245      
0533280      
0533386      
0533392      
0533423      
0533446      
0547129      
0547299      
0547460      
0559061      
0564978      
0564984      
0564990      
0565009      
0565015      
0565021      
0570714      
0570720      
0575605      
0589234      
0593767      
0593773      
0593796      
0593804      
0596949      
0609043      
0609155      
0614392      
0614400      
0614601      
0614854      
0614860      
0614877      
0614883      
0614943      
0614966      
0618579      
0618585      
0620234      
0632289      
0632295      
0632361      
0632378      
0632384      
0632390      
0633024      
0633099      
0633202      
0633219      
0633308      
0633314      
0637743      
0643086      
0651915      
0658509      
0658550      
0659012      
0659029      
0678707      
0678854      
0678908      
0678943      
0678966      
0678972      
0679345      
0694008      
0705775      
0705781      
0705947      
0706148      
0713987      
0715472      
0715489      
0721461      
0721478      
0721998      
0722006      
0722101      
0722130      
0722147      
0722242      
0722325      
0722377      
0722414      
0726582      
0727529      
0727535      
0727593      
0727601      
0738088      
0742345      
0742428      
0743190      
0743209      
0750787      
0751700      
0751723      
0751858      
0752817      
0752823      
0752970      
0753171      
0753188      
0754176      
0760780      
0760805      
0760917      
0773179      
0773311      
0773340      
0773363      
0773423      
0773676      
0773989      
0774003      
0774026      
0774523      
0774546      
0774552      
0781753      
0781776      
0781799      
0781919      
0785900      
0786762      
0787218      
0788407   SG 
0791964      
0792082      
0792219      
0792225      
0792515      
0792521      
0792544      
0792550      
0802917      
0809776      
0809842      
0810176   SG 
0810265      
0813708      
0813714      
0814033      
0814056      
0825462      
0842012      
0842029      
0851270      
0851376      
0851382      
0851519      
0857568      
0875023      
0892607      
0903386      
0903392L12   
0909986      
0916561      
0916621      
0916638      
0916644      
0916650      
0921220      
0942966      
0942972      
0944149      
0944712      
0955696      
0955704      
0955727      
0955733      
0955756      
0955762      
0955779      
0967156      
0967162      
0967179      
0967185      
0967216      
0967417      
0967481      
0967506      
0967512      
0967558      
0981417      
0981423      
0981558      
0981564      
0985993      
0986001      
0990706      
0990712      
1015765      
1016138      
1016144      
1016150      
1016167      
1016210      
1018367      
1018396      
1021317      
1023397      
1023405      
1023434      
1023440      
1032321      
1040800   SG 
1040817   SG 
1040823   SG 
1040846   SG 
1040941      
1040958      
1041001      
1044620      
1059484      
1059490      
1059567      
1059745      
1064545      
1073455      
1073604      
1073610      
1078524      
1078530      
1078613      
1078955      
1078961      
1079050      
1099325      
1099331      
1099354      
1099360      
1099704      
1099762      
1114065      
1115679      
1117307      
1118330      
1127151      
1127168      
1128794      
1130035      
1130041      
1130058      
1130064      
1138835      
1138841      
1141010      
1141122      
1141139      
1144830      
1144965      
1145261      
1145278      
1145284      
1161432      
1161544      
1166843      
1166866      
1167009      
1167015      
1167133      
1176818      
1178421      
1181222      
1192266      
1192326      
1199297      
1199305      
1199363      
1203900      
1203917      
1203923      
1203969      
1224144      
1224150      
1229124      
1229130      
1230417      
1232333   SG 
1232379      
1240640      
1240657      
1240829   SG 
1240835   SG 
1242722      
1242739      
1242745      
1242751      
1242768      
1242774      
1242780      
1242923      
1246861      
1250331      
1250532      
1250555      
1250905      
1250911      
1250928      
1251247      
1251253      
1251276      
1251282      
1251313      
1251336      
1251419      
1251483      
1251508      
1252100      
1252206      
1252212      
1252229      
1252235      
1252241      
1252324      
1252614      
1252620      
1252672      
1252689      
1252703      
1252726      
1252749      
1252985      
1252991      
1253016      
1253080      
1253097      
1253105      
1253111      
1253140      
1253157      
1253163      
1253223      
1253246L12   
1253252L12   
1253269      
1253275      
1253364      
1253370      
1253499      
1253660      
1253677      
1253683      
1254286      
1254659      
1254671      
1254688      
1254694      
1254748      
1254754      
1254843      
1254866      
1254903      
1254926      
1255110      
1255191      
1255498      
1255699   SG 
1255848      
1256173      
1256196      
1256204      
1256210      
1256457      
1256492      
1256500      
1256546      
1256552      
1256575      
1256598      
1256612      
1257149      
1257155      
1257327      
1257333      
1257534      
1257592      
1257770      
1257787      
1257818      
1257824      
1258137      
1258143      
1258166      
1258172      
1258189      
1258195      
1258551      
1258723      
1258806      
1258982      
1258999      
1259042      
1259059      
1259065      
1259935      
1260051      
1260068      
1260074      
1260111      
1260335      
1260341      
1260536      
1263078      
1263150      
1263167      
1263204      
1263210      
1263227      
1263233      
1263486      
1263492      
1263500      
1263523      
1263948      
1263960      
1263983      
1265060      
1265077      
1265143      
1265315      
1265485      
1265491      
1265516      
1265522      
1265663      
1265686      
1265717      
1265746      
1265858      
1266007      
1266013      
1266065      
1266071      
1266088      
1266094      
1266102      
1266119      
1266148      
1266154      
1266237      
1266289      
1267343      
1267366      
1267372      
1267426      
1267432      
1267461      
1268302      
1268420      
1268437      
1268443      
1268466      
1268561      
1268696      
1268779      
1269431      
1269448      
1269454      
1269460      
1269520      
1269537      
1269543      
1269566      
1269649      
1269655      
1269750      
1269862      
1269968      
1271273      
1272114      
1272120      
1272166      
1272290      
1272835      
1272841      
1273119      
1273131      
1273220      
1273237      
1273384      
1273415      
1273510      
1273711   SG 
1273728   SG 
1273734   SG 
1273740   SG 
1273757   SG 
1273763   SG 
1273786   SG 
1273792   SG 
1273800   SG 
1273817   SG 
1273823      
1273846      
1273875      
1273881      
1274343      
1274366      
1274395      
1274573      
1274797      
1274857L12   
1275288      
1275294      
1275532      
1275549      
1275638      
1275673      
1275710      
1276017      
1276075      
1276081      
1276218      
1276230      
1276247      
1276394      
1276419      
1276425      
1276431      
1276454      
1276460      
1276603      
1276626      
1276810      
1276827      
1277175      
1277206      
1277548      
1277554      
1277560      
1277577      
1277790      
1277809      
1277815      
1277821      
1277838      
1277844      
1277904      
1277910      
1278128L6    
1278401      
1278418      
1278424      
1278430      
1278594      
1279122L12   
1279145      
1279168      
1279292      
1279300      
1280183      
1280208      
1280266      
1280272      
1280668      
1281024      
1281030      
1281047      
1281053      
1281202      
1281219      
1281231      
1281538      
1281550      
1281567      
1281573      
1281596      
1281604      
1281610      
1281627      
1281633      
1281656      
1281923      
1282093      
1282319      
1282348      
1282354      
1282414      
1282420      
1282489   SG 
1282495   SG 
1282503   SG 
1282526   SG 
1282621      
1282638      
1282650      
1282928      
1282934      
1282940      
1282957      
1282992      
1283000      
1283017      
1283023      
1283046      
1283187      
1283276      
1283336      
1283508      
1283514      
1283543      
1283603L6    
1283626      
1283945      
1283951      
1284100      
1284206      
1284212      
1284235      
1284264      
1284376      
1284399      
1284407      
1284413      
1284494      
1284732      
1284821      
1284838      
1284844      
1284896      
1284904      
1284910      
1284927      
1284933      
1284962      
1284979      
1285016      
1285246      
1285252      
1285720      
1285737      
1285803      
1285826      
1285832      
1285849      
1285855      
1285861      
1285915      
1285921      
1285973      
1286228      
1286263      
1286286      
1286292      
1286300      
1286346      
1286352      
1286369      
1286375      
1286398      
1286406      
1286412      
1286429      
1286435      
1286441      
1286576      
1286932      
1287009      
1287015      
1287073      
1287096      
1287104      
1287110      
1287481      
1287498      
1287794      
1287860      
1287877      
1287883      
1288227      
1288233      
1288339L6    
1288440      
1288457      
1288776      
1288782      
1289184      
1289190      
1289362      
1289480      
1289505      
1289528      
1289942      
1290017      
1290046      
1290141      
1290158      
1290460      
1290477      
1290483      
1290508      
1290773      
1290951      
1291519      
1291531      
1291548      
1291554      
1292016      
1292039      
1292507      
1292513      
1292631      
1292648      
1292714      
1292720      
1292737      
1292789      
1292861      
1292884      
1293197      
1293375      
1293607      
1293613      
1293636      
1293642      
1293872      
1293889      
1293949      
1293955      
1293961      
1293978      
1293984      
1293990      
1294009      
1294015      
1294021      
1294038      
1294334      
1294340      
1294417      
1294423      
1294446      
1294452      
1294469      
1294682      
1294943      
1295517      
1295523      
1295546      
1295552      
1295569      
1295575      
1295598      
1295894      
1295902      
1296994      
1297077      
1297255      
1297367      
1297640      
1297657      
1298177      
1298183      
1298208      
1298214      
1298220      
1298237      
1298326      
1298332      
1298349      
1298409      
1298415      
1298438      
1299308   SG 
1299314   SG 
1299320   SG 
1299337   SG 
1299840      
1299857      
1300282      
1300299      
1300307      
1300313      
1300371      
1300483      
1300589      
1300595      
1300632      
1300980      
1300997      
1301005      
1301494      
1301502      
1301531      
1301554      
1301560      
1301703      
1301726      
1301732      
1301749      
1301755      
1301761      
1301844      
1302105      
1302217      
1302281      
1302298      
1302536      
1302619L6    
1302625L6    
1302631L6    
1302654      
1302714      
1302720      
1302772      
1302789      
1302915      
1303205      
1303263      
1303435      
1303441      
1303576      
1303671      
1303719      
1303725      
1303748      
1303754      
1303783      
1303820      
1303866      
1303889      
1303895      
1303903      
1304133      
1304156      
1304162      
1304446      
1304452      
1304469      
1304475      
1304481      
1304512      
1304541      
1304558      
1304920      
1304937      
1304943      
1304972      
1304995      
1305026      
1305138      
1305279      
1305291      
1305322      
1306161      
1306439      
1306451      
1306468      
1306528      
1306534      
1306540      
1306557      
1306669      
1306907      
1306959      
1306965      
1306971      
1306988      
1307114      
1307315      
1307321      
1307663      
1307686      
1307692      
1307700      
1307717      
1307723      
1307798      
1307806      
1307947      
1308668      
1309225      
1309337      
1309432      
1309797      
1309805      
1309811      
1309828      
1309857      
1309886      
1309892      
1310004      
1310027      
1310033      
1310056      
1310062      
1310228      
1310234      
1310240      
1310286      
1310292      
1310300      
1310375      
1310429      
1310435      
1310659      
1310688      
1310694      
1310702      
1310719      
1310731      
1310808      
1310895      
1310903      
1310926      
1310949      
1310955      
1310990      
1311110      
1311127      
1311133      
1311156      
1311564      
1311570      
1311682      
1311877      
1311883      
1312049L6    
1312204      
1312374      
1312380   SG 
1312397   SG 
1312405   SG 
1312411   SG 
1312428   SG 
1312434   SG 
1312440   SG 
1312457   SG 
1312463   SG 
1312486   SG 
1312492   SG 
1312500   SG 
1312517   SG 
1312523   SG 
1312581      
1312776      
1312807   SG 
1312813   SG 
1312894L6    
1312902L6    
1313267      
1313273      
1313296      
1313528      
1313617      
1313646   SG 
1313675      
1313681      
1313698      
1313706      
1313712      
1313729      
1313735      
1313741      
1313758      
1313907      
1314025      
1314120      
1314143      
1314166      
1314485      
1314491      
1314723      
1314798      
1314812      
1315125      
1315131      
1315208      
1315467      
1315473      
1315527      
1315579      
1315645      
1315651      
1315898   SG 
1315906   SG 
1316136   SG 
1316395      
1316403      
1316426      
1316432      
1316449      
1316521      
1316722      
1316857      
1318141      
1318193      
1318230      
1318359      
1318365      
1318566      
1318572      
1318589      
1318595      
1318603      
1318684      
1318709      
1318721      
1318916      
1318922      
1318951      
1318968      
1319784      
1319867      
1320066L6    
1320072L6    
1320089L6    
1320095L6    
1320103L6    
1320178      
1320273      
1320385      
1320422      
1320480      
1320706      
1320830      
1321108      
1321114      
1321120      
1321539      
1321781      
1321798   SG 
1321806   SG 
1321812   SG 
1321829   SG 
1321835   SG 
1321841   SG 
1321858   SG 
1321864   SG 
1322125      
1322183      
1322208      
1322349      
1322668      
1322674      
1322740      
1322935      
1322941      
1323107      
1323113      
1323395      
1323432      
1323567      
1323573      
1324555      
1324615      
1324667      
1324696      
1324704      
1324710      
1324851      
1324940      
1324957      
1325023      
1325218      
1325230      
1325247   SG 
1325253   SG 
1325299      
1325773      
1325796      
1325804      
1325827      
1325833      
1325891      
1325916      
1325945      
1326241      
1326519      
1326525      
1326560      
1326614      
1326778      
1326850      
1327536      
1327594      
1327677      
1328435      
1328441      
1328458      
1328464      
1328814      
1328872      
1329038      
1329044      
1329050      
1329067      
1329423      
1329446      
1329452      
1329469      
1329498      
1329802      
1329819      
1329825      
1329943      
1329989      
1329995      
1330001      
1330099L12   
1330509      
1330515      
1330538      
1330596      
1330751      
1330917      
1330923      
1331489      
1331495      
1331561      
1331578L12   
1331609      
1331615      
1331638      
1331851      
1332141      
1332224      
1332951      
1332968      
1333100      
1333152      
1333382      
1333399      
1333985      
1334803      
1335151      
1335168      
1335731      
1335814      
1335820      
1335872      
1335889      
1336297   SG 
1336328      
1337109      
1337167      
1337210      
1337233      
1337256      
1337322L6    
1337428      
1337658      
1337664      
1337670      
1338439      
1338451      
1338480      
1338592      
1338669      
1338729      
1338818      
1338824      
1338830      
1338847      
1339019      
1339083      
1339108      
1339114      
1339137      
1339143      
1339166      
1339172      
1340028      
1340494      
1340502      
1340519      
1340525      
1340531      
1340548      
1341602      
1341884      
1341890      
1341909      
1341967      
1341973      
1342085      
1342464      
1342470      
1342659      
1342671      
1342688      
1342694      
1342702      
1342719      
1342725      
1342731      
1342754      
1342872      
1343334      
1343400      
1343417      
1343423      
1343529      
1343558      
1344032   SG 
1344049   SG 
1344055   SG 
1344061      
1344150      
1344167      
1344397      
1344405      
1344411      
1344434      
1344440      
1344457      
1344492      
1344641      
1344859      
1344888      
1344894      
1345037      
1345072      
1345273      
1345557      
1345758      
1345764      
1345793      
1345847      
1346108      
1346120      
1346315      
1346321      
1346338      
1346344      
1346568      
1346574      
1346628      
1346634      
1346640      
1346700L6    
1346918      
1346924      
1346953      
1346976L6    
1346982L6    
1346999L6    
1347007L6    
1347208      
1347390      
1347409      
1347415      
1347421      
1347438      
1347444      
1347450      
1347467      
1347473      
1347504      
1347510      
1347527      
1347622      
1347639      
1347697      
1348001      
1348018      
1348024      
1348633      
1348656      
1348981      
1349124      
1349130      
1349325      
1349331      
1349354      
1349360      
1349526      
1349615      
1349621      
1349650      
1349667      
1349673      
1349710      
1349727      
1349785      
1349822      
1349957L6    
1350038      
1350357      
1351003      
1351026      
1351322      
1364678      
1372867      
1372873      
1391793      
1457109   SG 
1457115   SG 
1520434      
1520552      
1520581      
1520598      
1520606      
1532839      
1532845      
1615198      
1615206      
1615212      
1615229      
1646827      
1646833      
1654896      
1671914      
1708824      
1728301      
1728318      
1751168      
1800688      
1876987L12   
2046437      
2046443      
2394948      
2420031      
2420048      
2420054      
2420060      
2420077      
2420083      
2420226      
2420232      
2420249      
2420255      
2420396      
2420404      
2420410      
2420427      
2420433      
2420456      
2420462      
2420605      
2420628      
2420723      
2420775      
2421295      
2421504      
2421757      
2421846      
2421852      
2421875      
2421881      
2421906      
2421912      
2421935      
2421941      
2421958      
2421964      
2422024      
2422142      
2422165      
2422225      
2422248      
2422254      
2422604      
2422610      
2422780      
2422797      
2423130      
2423153      
2423182      
2423236      
2423408      
2423414      
2423472      
2423549      
2423555      
2423590      
2423791      
2424075      
2424164      
2424218      
2424425      
2424483      
2424508      
2424589L6    
2424595L6    
2424632      
2424684      
2424980      
2424997      
2425005      
2425011      
2425028      
2425034      
2425117      
2425212      
2425229      
2425235      
2425301      
2425620      
2425761      
2425815      
2425821      
2425838      
2425962      
2425985      
2425991      
2426022      
2426039      
2426045      
2426418      
2426424      
2426571   SG 
2426588   SG 
2426594      
2426803      
2426826      
2426996      
2427004      
2427010      
2427062      
2427079      
2427085      
2427091      
2427234      
2427240      
2427257      
2427263      
2427435      
2427441      
2427493      
2427547      
2427553      
2427576      
2427582      
2427599      
2427607      
2427820L6    
2427895L12   
2427978      
2428073      
2428185      
2428222      
2428245      
2428989      
2428995      
2429003      
2429167      
2429173      
2429196      
2429204      
2429380      
2429486      
2429492      
2429500      
2429517      
2429569      
2429575      
2429635      
2429687      
2430213      
2430236      
2430319L6    
2430354      
2431129      
2431141      
2431158      
2431359      
2431365      
2431371      
2431425      
2431483      
2432011      
2432028      
2432353      
2432554      
2432560      
2432577      
2432583      
2432608      
2432614      
2432643      
2432672      
2432689      
2432755      
2432761      
2432784      
2433513      
2433559      
2433565      
2433571      
2433588      
2433654      
2433660      
2433677      
2433683      
2433708      
2433714      
2433720      
2433944      
2433950      
2433967      
2434116      
2434139      
2434145      
2434168      
2434501      
2434518      
2434530      
2434553      
2434702      
2434719      
2434808      
2434814      
2434820      
2434955      
2434961      
2434990      
2435009      
2435191      
2435216      
2435245      
2435251      
2435268      
2435274      
2435280L6    
2435297L6    
2435305L6    
2435392      
2435400      
2435417      
2435423      
2435446      
2435452      
2435469      
2435475      
2435529      
2435535      
2436049      
2436227      
2436316      
2436411      
2436434      
2436486      
2436492      
2436581      
2436598      
2436612      
2436807      
2436842      
2436894      
2436977      
2437126      
2437296      
2437304      
2437310      
2437327      
2437391      
2437416      
2437422      
2437439      
2437445      
2437451      
2437468      
2437474      
2437497      
2437505      
2437511      
2437528      
2437534      
2437540      
2437712      
2437729      
2437801      
2437818      
2437824      
2437830      
2437847      
2437853      
2437876      
2437882      
2437899L3 SG 
2437907L3 SG 
2438031      
2438048      
2438367      
2438396      
2438404      
2438410      
2438485      
2438491      
2438516      
2438522      
2438686      
2438692      
2438700      
2438717      
2438723      
2438746      
2438752      
2438775      
2438781      
2438798      
2438806      
2439042      
2439071      
2439467      
2439510      
2439740      
2439823      
2439875      
2439906      
2439912      
2439929      
2439935      
2439941      
2439958      
2439993      
2440016      
2440022      
2440105      
2440111      
2440128      
2440140      
2440157      
2440542      
2440565      
2440648      
2440677      
2440683      
2440708      
2440714      
2440720      
2440737      
2440743      
2440766      
2440772      
2440789      
2440795      
2440803      
2440861      
2440878      
2440909      
2440915      
2441369L6    
2441406      
2441429      
2441435      
2441843      
2441866      
2441872      
2442357L6    
2442363      
2442386      
2442392      
2442400      
2442475      
2442481      
2442587      
2442601      
2442624      
2442788      
2443003      
2443032      
2443055      
2443061      
2443121      
2443150      
2443440      
2443457      
2443687L6    
2443747      
2443753      
2443799      
2443807      
2443842      
2443859      
2443919      
2443931      
2443948      
2443954      
2443960      
2443977      
2444037      
2444043      
2444066      
2444072      
2444089      
2444184L3 SG 
2444190L3 SG 
2444215      
2444221      
2444356      
2444379      
2444385      
2444416      
2444563      
2444586      
2444592      
2444988      
2444994      
2445002      
2445019      
2445605      
2445611      
2446094      
2446102      
2446125      
2446131      
2446220      
2446237      
2446243      
2446266      
2446272      
2446438      
2446444      
2446450      
2446467      
2446473      
2446496      
2446504      
2446556      
2446562      
2446579      
2446585      
2446591      
2446616      
2446622      
2446639      
2446651      
2446668      
2446697      
2446869      
2446881      
2447030      
2447047      
2447142      
2447159      
2447165      
2447188      
2447202      
2447308      
2447314      
2447320      
2447337      
2447366      
2447389      
2447478      
2448006      
2448012      
2448029      
2448130      
2448271      
2448302      
2448360      
2448377      
2448489      
2448555L6    
2448673      
2448733      
2448957      
2448963      
2448986      
2448992      
2449000      
2449135      
2449193      
2449230      
2449282      
2449460L12   
2449477L12   
2449684      
2449690      
2449827      
2449856      
2449862      
2449974      
2449980      
2450026      
2450150      
2450167      
2450173      
2450204      
2450397      
2450405      
2450517   SG 
2450523   SG 
2450546   SG 
2450552   SG 
2450606      
2450641      
2450664      
2450776      
2450782      
2450799      
2450813      
2450836      
2450842      
2450859      
2450865      
2450871      
2450888      
2450894      
2450902      
2451327      
2451439L6    
2451563      
2451586      
2451652      
2451669      
2451712      
2451801      
2451818      
2451824      
2451830      
2451936      
2451942      
2452137      
2452143      
2452321      
2452338      
2452344      
2452350      
2452539      
2452545      
2452574      
2452580      
2452597      
2452605      
2452611      
2452628      
2452634      
2452717      
2452812      
2452864      
2453094      
2453102      
2453119      
2453378      
2453384      
2453390      
2453473      
2453496      
2453728      
2453734      
2453740      
2453881      
2454082      
2454099      
2454515      
2454521      
2454538      
2454544      
2454627      
2454633      
2454656      
2454679      
2454691      
2454716      
2454722      
2454780      
2454805      
2454811      
2454900      
2455124      
2455130      
2455489      
2455495      
2455667      
2455673      
2455696      
2455733      
2455756      
2455762      
2455816      
2455822      
2455839      
2455897      
2455905      
2455911      
2455928      
2456046      
2456052      
2456069      
2456075      
2456081      
2456098      
2456106      
2456112      
2456129      
2456135      
2456365      
2456371      
2456514      
2456520      
2456980L6    
2457100      
2457235      
2457821      
2457838      
2457844      
2457850      
2457867      
2457873      
2457896      
2457904      
2458080      
2458097      
2458447      
2458453      
2458588      
2458766      
2458772      
2458878      
2458884      
2458890      
2458909      
2458915      
2458944      
2459642      
2459843      
2459866      
2459872      
2459889      
2459895      
2459949      
2459955L6    
2460007      
2460088      
2460094      
2460102      
2460119      
2460125      
2460131      
2460148      
2460154      
2460160      
2460177      
2460183      
2460208      
2460214      
2460220      
2460237      
2460243      
2460450      
2460467      
2460527      
2460556      
2460562      
2460579      
2460585      
2460591      
2460639      
2460651      
2460674      
2460680      
2460697      
2460705      
2461030      
2461099      
2461194      
2461202      
2461225      
2461314      
2461343      
2461538      
2461544      
2461550      
2461567      
2461892      
2461900      
2461917      
2461923      
2462041      
2462064      
2462213      
2462236      
2462414      
2462420      
2462443      
2462638      
2462911      
2463023      
2463046      
2463052      
2463069      
2463224      
2463477      
2463483      
2463649      
2463655      
2463678      
2463773      
2463796      
2463827L6    
2463833L6    
2463856L6    
2463862L6    
2463885      
2463916      
2464347      
2464353      
2464376      
2464382      
2464407      
2464554      
2464560      
2464577      
2465111      
2465128      
2465134      
2465424      
2465430      
2465476      
2465482      
2465631      
2465654      
2465677      
2465878      
2465884      
2465890      
2465909      
2465938      
2466197      
2466240      
2466263      
2466429      
2466441      
2466470      
2466607      
2467009      
2467021      
2467328      
2467340      
2467386L12   
2467400L12   
2467481      
2467498      
2467535      
2467564      
2467653      
2467676      
2467682      
2467699      
2467707      
2467713      
2467736      
2467742      
2467831      
2467848      
2467943      
2468173      
2468374      
2468380      
2468523      
2468658      
2468664      
2468670      
2468687      
2468925      
2468948      
2469014      
2469020      
2469043      
2469066      
2469072      
2469089      
2469132      
2469439      
2469445      
2469451      
2469468      
2469528      
2469907      
2469913      
2469942      
2469959      
2470052      
2470158      
2470164      
2470342      
2470359      
2470649      
2470678      
2470715      
2470744      
2470945      
2470951      
2471040      
2471057      
2471063      
2471100      
2471117      
2471123      
2471146      
2471152      
2471169      
2471175      
2471181      
2471198      
2471212   SG 
2471235   SG 
2471258   SG 
2471525      
2471531      
2471548      
2471560      
2471867      
2471910      
2471927      
2472039      
2472045      
2472051      
2472097      
2472105      
2472111      
2472157      
2472163      
2472186      
2472447      
2472588      
2472602      
2472625      
2472631      
2472683      
2472714      
2472737      
2472832      
2472849      
2472950      
2472967      
2472973      
2473004      
2473010      
2473211      
2473949      
2473955      
2474162      
2474179      
2474245      
2474251      
2474268      
2474274      
2474280      
2474297      
2474423      
2474452      
2474469      
2474475      
2474481      
2474498      
2474506      
2474601      
2474618      
2474630      
2474647      
2475109   SG 
2475144      
2475204      
2475210      
2475227      
2475233      
2475279      
2475285      
2475291      
2475316      
2475339      
2475345      
2475351      
2475368      
2475380      
2475397      
2475598      
2475641L3    
2475658L3    
2475664L3    
2475670L3    
2475687L3    
2475693L3    
2475701L3    
2475718L3    
2475730L3    
2475859      
2475865      
2475871      
2475888      
2475894      
2475902      
2475919      
2476103      
2476126      
2476379      
2476385      
2476391      
2476416      
2476497      
2476505      
2476511      
2476528      
2476853      
2476876      
2476959      
2476965      
2476988      
2476994      
2477019      
2477025      
2477031      
2477189      
2477195      
2477545      
2477605      
2477628      
2478036      
2478042      
2478059      
2478065      
2478071      
2478088      
2478094      
2478272      
2478303      
2478349      
2478355      
2478361      
2478390      
2478421      
2478450      
2478616      
2478622      
2478823      
2478881      
2478898      
2479099      
2479107      
2479159      
2479165      
2479308      
2479389      
2479395      
2479403      
2479484      
2479490      
2479633      
2479679      
2479685      
2479691      
2479863      
2479886      
2479900      
2479917      
2479923      
2479946      
2479969      
2479981      
2615160      
2646835      
2646841      
2646858      
2646864      
2715453L12   
2828335      
2828341      
2828358      
3171133      
3500039      
3500051      
3500200      
3500223      
3500246      
3500312      
3500329      
3500335      
3500424      
3500430      
3500447      
3500453      
3500677      
3500683      
3500708      
3500795      
3500826      
3500890      
3500996      
3501010      
3501091      
3501116      
3501174      
3501346      
3501352      
3501369      
3501406      
3501576      
3501599      
3501659      
3501665      
3501754      
3501760      
3501783      
3501808      
3501926      
3501932      
3501949      
3501955      
3501961      
3501978      
3501984      
3501990      
3502009      
3502096      
3502133      
3502162      
3502216      
3502558      
3502682      
3502699      
3502707      
3502713      
3502736      
3502742      
3502759      
3502937      
3503003      
3503138      
3503144      
3503150      
3503167      
3503368      
3503380      
3503546      
3503552      
3503598      
3503606      
3503747      
3503753      
3503776      
3503782      
3503799      
3504072      
3504089      
3504095      
3504103      
3504126      
3504132      
3504273      
3504474      
3504480      
3504505      
3504907      
3504913      
3504936      
3504942      
3504959      
3505002      
3505019      
3505025      
3505031      
3505048      
3505189      
3505195      
3505203      
3505226      
3505574L12   
3505611      
3505657      
3505686      
3505700      
3505723      
3505752      
3505769      
3505775      
3505781      
3505798      
3506220L3 SG 
3506243      
3506266      
3506272      
3506562   SG 
3506579   SG 
3506585   SG 
3506591   SG 
3506616      
3506622      
3506639      
3506645      
3506651      
3506668      
3506674      
3506680      
3507142      
3507159      
3507426      
3507449      
3507538L12   
3507573      
3507596      
3507604      
3507633      
3507656      
3507685      
3507745      
3507751      
3507768      
3507774      
3507780      
3507797      
3507805      
3507811      
3507828      
3507892      
3507900      
3507917      
3507923      
3507946      
3507952      
3508058L12   
3508064L12   
3508070L12   
3508093      
3508118      
3508124      
3508147      
3508153      
3508176      
3508182      
3508199      
3508213      
3508288      
3508325      
3509827      
3509833      
3509856      
3509862      
3509939      
3510115      
3510144      
3510173      
3510196      
3510204      
3510374      
3510658      
3510977      
3510983      
3511008      
3511014      
3511043      
3511072      
3511184      
3511190      
3511706      
3511729      
3511913      
3511936      
3511971      
3512054      
3512077      
3512232      
3512249      
3512255      
3512261      
3512278      
3512284      
3512290      
3512309      
3512315      
3512321      
3512338      
3512491      
3512870      
3512893      
3512901      
3512918      
3512924      
3513326      
3513332      
3513355      
3513378      
3513438      
3513444      
3513674      
3513705   SG 
3513711   SG 
3513728   SG 
3513734   SG 
3513740   SG 
3513757   SG 
3513763   SG 
3513786   SG 
3513792   SG 
3513800      
3513817      
3514018      
3514024      
3514076      
3514248      
3514461      
3514478L6    
3514484      
3514509      
3514685      
3514886      
3514892      
3515006      
3515012      
3515029      
3515035      
3515041      
3515058      
3515070      
3515153      
3515176      
3515182      
3515199      
3515213L6    
3515236L6    
3515242L6    
3515259      
3515265      
3515288      
3515443      
3515466      
3515472      
3515489      
3515555      
3515880      
3515905      
3515911      
3515928      
3515957      
3515963      
3515986      
3515992      
3516253      
3516276      
3516299      
3516307      
3516359      
3516520      
3516537      
3516543      
3516566      
3516572      
3516885      
3516891      
3516916      
3516922      
3516939      
3516945      
3517229L6    
3517235L6    
3517241L6    
3517293      
3517301      
3517407      
3517413      
3517488      
3517494      
3517502      
3517519   SG 
3517531      
3517548      
3517577      
3517583      
3517608      
3517614      
3517620      
3517637      
3517643      
3517666      
3517672      
3517689      
3518039      
3518045      
3518298      
3518312      
3518335      
3518720      
3518789      
3518803      
3518826      
3518832      
3518849      
3518909      
3518915      
3518938      
3518944      
3518950      
3518967      
3518973      
3518996      
3519004      
3519010      
3519027      
3519091   SG 
3519116   SG 
3519122   SG 
3519139   SG 
3519197L6    
3519205L6    
3519211L6    
3519228L6    
3519234      
3519240      
3519263      
3519286      
3519292      
3519300      
3519317      
3519323      
3519346      
3519381      
3519458      
3519470      
3519487      
3519582      
3519932      
3519949      
3520059      
3520065      
3520071      
3520088      
3520094      
3520102      
3520125      
3520131      
3520148      
3520154      
3520160      
3520177      
3520183      
3520326      
3520332      
3520355      
3520361      
3520504      
3520510      
3520533      
3520680      
3520697      
3520875      
3521248      
3521260      
3521277      
3521283      
3521308      
3521314      
3521320      
3521337      
3521550      
3521633      
3521656      
3521679      
3521685      
3521745      
3521751      
3521774      
3521780      
3521805      
3522489      
3522495      
3522503      
3522526      
3522621      
3522638      
3522644      
3522650      
3522704      
3522710      
3522727      
3522733      
3522756      
3522845      
3522934L12   
3523081      
3523098      
3523106      
3523112      
3523129      
3523135      
3523141      
3523158      
3523342      
3523359      
3523365      
3523371      
3523394      
3523402      
3523508      
3523514      
3523520      
3523537      
3523543      
3523566      
3523572      
3523589      
3523632      
3523661      
3523738      
3523744      
3523939      
3523945      
3523974      
3523980      
3524198      
3524608      
3524614      
3525157      
3525298      
3525329      
3525335      
3525341      
3525358      
3525482      
3525499      
3525507      
3525513      
3525536      
3525559      
3525708      
3525720      
3525737L12   
3525743L12   
3525861      
3526010      
3526033L12   
3526056L12   
3526085      
3526091      
3526205      
3526228      
3526234      
3526317L12   
3526346L12   
3526501      
3526518      
3526553      
3526576      
3526582      
3526599      
3526665      
3526671      
3526688      
3526694      
3526702      
3526872      
3526889      
3526895      
3526932      
3526949      
3526955      
3526961      
3527009      
3527015      
3527096      
3527104      
3527110      
3527127      
3527133      
3527156      
3527162      
3527179      
3527334      
3527340      
3527481      
3527558L12   
3527564L12   
3527570L12   
3527587L12   
3527593L12   
3527601L12   
3527630      
3527647      
3527653      
3527676      
3527682      
3527707      
3528032      
3528055      
3528500      
3528517      
3528782      
3529132      
3529310      
3529327      
3529698      
3529706      
3529882      
3529899      
3529907L6    
3530514      
3530744      
3530968      
3531011      
3531034      
3531040      
3531229   SG 
3531235   SG 
3531270   SG 
3531287   SG 
3531376      
3531382      
3531399      
3531407      
3531413      
3531436      
3531442      
3531488      
3531933      
3531956      
3531962      
3531979      
3531985      
3531991      
3532016      
3532163      
3532186      
3532192      
3532200      
3532393      
3532401      
3532418      
3532542      
3532565      
3532588      
3532602      
3532625      
3532648      
3532878      
3532884      
3532890      
3532909      
3533122   SG 
3533139   SG 
3533145   SG 
3533151   SG 
3533168      
3533174      
3533180      
3533197      
3533205      
3533211      
3533228      
3533234      
3533240      
3533263L12   
3533300      
3533381      
3533398      
3533441      
3533458      
3533464      
3533872      
3533889      
3533895      
3533903      
3533926   SG 
3533932   SG 
3533949   SG 
3533955   SG 
3533978L3 SG 
3534305      
3534334      
3534558      
3534682      
3534699      
3534742      
3534825      
3534831      
3535902      
3535925      
3536310      
3536327      
3536592      
3536793      
3536801      
3536818      
3536824      
3536830      
3536847      
3536853      
3536876      
3536882      
3536936      
3536942      
3536959      
3537261      
3537278      
3537284      
3537539      
3537628L6    
3537634      
3537686      
3537692      
3537723L6    
3537746L6    
3537752      
3537769      
3537798      
3537806      
3537864      
3537870      
3537887      
3537893      
3537901      
3537918      
3537924      
3537930      
3538065      
3538088      
3538094      
3538102      
3538131      
3538148      
3538154      
3538160      
3538214      
3538220      
3538237      
3538243      
3538266      
3538272      
3538289      
3538303      
3538326      
3538332      
3538355      
3538378      
3538409      
3538527      
3538533      
3538616      
3538757   SG 
3538763   SG 
3538786   SG 
3538792   SG 
3538800   SG 
3538817   SG 
3538823L6    
3538846L6    
3538912      
3538929      
3539225      
3539231      
3539254      
3539260      
3539389      
3539395      
3539403      
3539426      
3539432      
3539449      
3539544      
3539567      
3539685L6    
3539691L6    
3539716      
3539722      
3539805      
3539811      
3539828      
3539840      
3539886      
3539892      
3539917      
3539923      
3540027      
3540033      
3540056      
3540174      
3540180      
3540197      
3540205      
3540211      
3540228      
3540234      
3540240      
3540501      
3540518      
3540524      
3540530      
3540547      
3540553      
3540642      
3540659      
3540665      
3540671      
3540688      
3540694      
3540702      
3540719      
3540725      
3540731      
3540949      
3540955      
3541050      
3541162      
3541179      
3541185      
3541191      
3541216      
3541222      
3541239      
3541245      
3541481      
3541498      
3541506      
3541512      
3541529      
3541535      
3541541      
3541564      
3541570      
3541587      
3541593      
3541601      
3541618      
3541624      
3541630      
3541647      
3541653      
3541676      
3541682      
3541794      
3541819      
3541848      
3541908L3    
3541914L3    
3541937L3    
3541943L3    
3541972L3    
3541989L3    
3542026      
3542032      
3542049      
3542055      
3542121      
3542138      
3542144      
3542150      
3542167      
3542204      
3542279      
3542285      
3542753L6    
3542799      
3542871      
3542888      
3543014      
3543037      
3543066      
3543089      
3543267      
3543273      
3543304      
3543327      
3543356      
3543422      
3543445      
3543451      
3543468      
3543474      
3543480      
3543497      
3543505      
3543511      
3543528      
3543534      
3543540      
3543557      
3543563      
3543586      
3543592      
3543735      
3543741      
3543824      
3543847      
3543882      
3543899      
3544077L4    
3544083L4    
3544108      
3544114      
3544137      
3544166      
3544189      
3544226      
3544315      
3544321      
3544338      
3544344      
3544427      
3544433      
3544456      
3544462      
3544522      
3544539      
3544545      
3544551      
3544568      
3544574      
3544634      
3544663      
3544686      
3544692      
3544700      
3544723      
3544806      
3544870      
3544887      
3544893      
3544918      
3544930      
3545088      
3545160      
3545183      
3545208      
3545378      
3545384      
3545390      
3545409      
3545415      
3545421      
3545450      
3545467      
3545473      
3545496      
3545504      
3545527      
3545556      
3545579      
3545591      
3545616      
3545622      
3545639      
3545668      
3545674      
3545680      
3545697      
3545705L6    
3545711L6    
3545734      
3545786      
3545800      
3545817      
3545852      
3545869      
3545875      
3545881      
3545906L3    
3546001      
3546018      
3546030      
3546159      
3546314      
3546320      
3546343      
3546366      
3546372      
3546389      
3546403      
3546426      
3546449      
3546461      
3546478      
3546509      
3546515      
3546521      
3546538      
3546544      
3546550      
3546567      
3546691      
3546722      
3546739      
3547147   SG 
3547176   SG 
3547437      
3547443      
3547466      
3547472      
3547503      
3547561      
3547578      
3547696      
3547704      
3547727      
3547762      
3547785      
3547822      
3547839      
3547845      
3547851      
3548106      
3548112      
3548129      
3548141      
3548164      
3548170      
3548187      
3548193      
3548201      
3548230      
3548307      
3548313      
3548336      
3548359      
3548365      
3548371      
3548388      
3548394      
3548425      
3548655      
3548678      
3548951      
3549011      
3549057      
3549181      
3549206      
3549347      
3549353      
3549376      
3549382      
3549399      
3549407      
3549413      
3549436      
3549442      
3549459      
3549695      
3549850      
3549873      
3549956      
3549962      
3549991      
3721355L6    
3756017      
3756046      
3756135      
3756164      
3756193      
3756483      
3756715      
3756721      
3756738      
3756744      
3756750      
3756767      
3756773      
3756810      
3756968      
3756974      
3757034      
3757040      
3757057      
3757063      
3757086      
3757092      
3757100      
3757117      
3757123      
3757525      
3757620      
3757732      
3757749      
3758074      
3758080      
3758097      
3758105      
3758134      
3758157      
3758246      
3758275      
3758281      
3758312      
3758329      
3758341      
3758358      
3758393      
3758401      
3758418      
3758447      
3758453      
3758683   SG 
3758714   SG 
3759033      
3759286      
3759582      
3759688      
3759694      
3759702      
3759731      
3759748      
3759754      
3759760      
3759777      
3759895      
3759903      
3759955      
3759961      
3760237      
3760243      
3760272      
3760326      
3760378      
3760409      
3760510      
3760527      
3761082      
3761099      
3761107      
3761113      
3761202      
3761225      
3761231      
3761395L6    
3761426L6    
3761455      
3761461      
3761509      
3761515      
3761521      
3761596      
3761604      
3761633      
3761679      
3761716      
3761751      
3761768      
3761774      
3761834      
3761857      
3761917      
3761946      
3761969      
3762118   SG 
3762124   SG 
3762176L6    
3762182      
3762199      
3762348      
3762354      
3762609      
3762615      
3762621      
3762650   SG 
3762667   SG 
3762673   SG 
3762696   SG 
3762704   SG 
3763023      
3763046      
3763052      
3763164      
3763170      
3763230      
3763253      
3763655      
3763661      
3763856      
3763862      
3763879      
3763885      
3763891      
3764057      
3764063      
3764181      
3764293      
3764301      
3764436      
3764459      
3764471      
3764494      
3764554      
3764620      
3764637      
3764695      
3764809      
3764815   SG 
3764821   SG 
3764838   SG 
3764844   SG 
3764850   SG 
3764867   SG 
3764873   SG 
3764896   SG 
3765252      
3765855      
3765861      
3765884      
3765890      
3765950      
3766116      
3766122      
3766139      
3766145      
3766151      
3766168      
3766174      
3766180      
3766197      
3766263      
3766286      
3766725      
3766731      
3766748      
3766754      
3766760      
3766777      
3766843L6    
3766990      
3767788      
3768380      
3768500      
3768517      
3768523      
3768546      
3768552      
3768569      
3768575      
3768581      
3768598      
3768629      
3768635      
3768807   SG 
3768813   SG 
3768836   SG 
3768842   SG 
3768859   SG 
3768865   SG 
3768871   SG 
3768888   SG 
3768894      
3769215      
3769333      
3769362      
3769385      
3769416      
3769422      
3769439      
3769445      
3769617      
3769646      
3769669      
3769681      
3769706      
3769729      
3769741      
3769764      
3770069      
3770081      
3770098      
3770129      
3770135      
3770141      
3770218      
3770224      
3770230      
3770247      
3770253      
3770276      
3770572      
3770589      
3770603      
3770626      
3770632      
3770661      
3770678      
3770690      
3770709      
3770715      
3770721      
3770738      
3770744      
3770750      
3770862      
3770879      
3770885      
3770891      
3770916      
3770922      
3771181      
3771198      
3771502      
3771614      
3771620      
3771637      
3771643      
3771672      
3771689      
3771703      
3771821      
3771838      
3771844      
3771850      
3771933      
3771956      
3771962      
3772217      
3772654      
3772677      
3772683      
3772708      
3772714L6    
3772720L6    
3773174      
3773441      
3773458      
3773464      
3773607      
3773642      
3773659      
3773688L6    
3773702L6    
3773719L6    
3773725      
3773731      
3773748      
3773895      
3774050   SG 
3774067   SG 
3774073   SG 
3774096   SG 
3774104   SG 
3774110   SG 
3774179      
3774185      
3774699      
3774848      
3774854      
3775233      
3775256      
3775380      
3775397   SG 
3775405   SG 
3775411   SG 
3775428   SG 
3775434   SG 
3775440   SG 
3775457   SG 
3775463   SG 
3775486   SG 
3775492   SG 
3775500   SG 
3775517   SG 
3775569   SG 
3775575   SG 
3775581   SG 
3775598      
3775606      
3775612      
3775629      
3775635      
3775954      
3775960      
3775977      
3775983      
3776008      
3776327      
3776480      
3776652L6    
3776669L6    
3776729      
3776735      
3776741      
3776758      
3776764      
3776770      
3776787      
3776793      
3776801      
3776818      
3776824      
3776830      
3776847      
3776853      
3776913      
3776936      
3777108      
3777232      
3777290      
3777315      
3777338      
3777396      
3777404      
3777410      
3777427      
3777433      
3777456      
3777775      
3777999      
3778007      
3778013      
3778036      
3778042      
3778059      
3778065      
3778071      
3778332      
3778384      
3778390      
3778409      
3778415      
3778473      
3778496      
3778504      
3778510      
3778579      
3778585      
3778591      
3778616      
3778622      
3778639      
3778645      
3778651      
3778734      
3778757      
3779076      
3779082      
3779099      
3779107      
3779159      
3779165      
3779171      
3779188      
3779202      
3779225L12   
3779366      
3779691L6    
3779716L6    
3779722L6    
3779840      
3780122      
3780139      
3780145      
3780168      
3780174      
3780180      
3780197   SG 
3780205   SG 
3780228   SG 
3780240   SG 
3780493      
3780501      
3780518      
3780524      
3780530      
3780553      
3780576      
3780582      
3780599      
3780607      
3780613      
3780636      
3780719      
3780725      
3780731      
3780748      
3780754      
3780760      
3780777      
3780783      
3780808      
3780814      
3780820      
3780837      
3780843      
3780866      
3781357      
3781386      
3781392      
3781506      
3781541      
3781558      
3781564      
3781587      
3781593      
3781601      
3781707      
3781883L6    
3781908L6    
3782109      
3782115      
3782138      
3782144      
3782167      
3782173      
3782196      
3782210      
3782227      
3782233      
3782262      
3782279      
3782368      
3782440      
3782753      
3782776      
3782782      
3782799      
3782919      
3782931      
3782954      
3782977      
3783008      
3783014      
3783149      
3783161      
3783184      
3783221      
3783238      
3783244      
3783250      
3783267      
3783273      
3783468      
3783511      
3783534      
3783540      
3783557      
3783600      
3783675      
3783681      
3783698      
3783712      
3783735      
3783758      
3783770      
3783847      
3783853      
3783876      
3783882      
3783899      
3783907      
3783913      
3783936      
3783942      
3783959      
3783965      
3783971      
3783988      
3783994      
3784002      
3784019      
3784025      
3784031      
3784048      
3784054      
3784060      
3784077      
3784083      
3784108      
3784114      
3784120      
3784137      
3784143      
3784605      
3784611      
3784628      
3784634      
3784657      
3784663      
3784686      
3784692      
3784746      
3784752      
3784930      
3784947      
3784953      
3784982      
3785007      
3785013      
3785036      
3785042      
3785059      
3785065      
3785148L6    
3785160L6    
3785243      
3785289      
3785295      
3785303      
3785326   SG 
3785332   SG 
3785349   SG 
3785355   SG 
3785361      
3785384      
3785409      
3785421L6    
3785438L6    
3785444L6    
3785616L3 SG 
3785786L6    
3785792L6    
3785800L6    
3785823L6    
3785846L6    
3785964      
3785970      
3785987      
3785993      
3786082      
3786099      
3786107      
3786113      
3786159L3 SG 
3786165L3 SG 
3786171L3 SG 
3786188L3 SG 
3786461      
3786478      
3786490      
3786515      
3786521L6    
3786633      
3786656      
3786662      
3786679      
3786857      
3786863      
3786886      
3786892      
3786900      
3786917      
3786923      
3786946      
3787325      
3787348      
3787354      
3787383      
3787555      
3787638      
3787644      
3787785L6    
3787791L6    
3787816L6    
3788141      
3788218      
3788224      
3788253      
3788276      
3788282      
3788299      
3788359   SG 
3788365      
3788448      
3788460      
3788520L6    
3788537L6    
3788543L6    
3788678      
3788684      
3788709      
3788715      
3788721      
3788738      
3788767      
3788773      
3788827      
3788862      
3788879      
3831090      
3900112      
3900129      
3900224      
3900247      
3900276      
3900313      
3900336      
3900402      
3900419      
3900448      
3900454      
3900632      
3900649      
3900655      
3900661      
3900678      
3900684      
3900767      
3900773      
3900810      
3900827      
3900833      
3900856      
3901175      
3901181      
3901270      
3901287      
3901293      
3901301      
3901318      
3901324      
3901330      
3901347      
3901465      
3901471      
3901488      
3901494      
3901502      
3901583      
3901608      
3901614      
3901620      
3901637      
3901643      
3901666      
3901672      
3901689L6    
3901695L6    
3901703L6    
3901726L6    
3901850      
3901896      
3901904      
3901910      
3901927      
3901956L6    
3901979L6    
3902163      
3902186      
3902192      
3902252      
3902358      
3902364      
3902370      
3902387      
3902393      
3902401      
3902418      
3902424      
3902430      
3902447      
3902453      
3902855      
3902861      
3902884      
3902890      
3903010      
3903027      
3903033L6    
3903056L6    
3903079L6    
3903116      
3903139      
3903145      
3903151      
3903168      
3903174      
3903180      
3903205      
3903211      
3903234      
3903257      
3903286      
3903292      
3903300      
3903317      
3903323      
3903429      
3903487   SG 
3903493   SG 
3903501   SG 
3903599      
3903607      
3903748      
3903754      
3903814      
3903820      
3903837      
3903843      
3904104      
3904110      
3904127      
3904133      
3904185      
3904191      
3904328      
3904334      
3904340      
3904357      
3904386      
3904392      
3904400      
3904417      
3904423      
3904469      
3904475      
3904481      
3904498      
3904506      
3904512      
3904529      
3904535      
3904601      
3904736      
3904742      
3904759      
3904765      
3904771      
3904788      
3904794      
3904802      
3904989L6    
3904995L6    
3905003L6    
3905026L6    
3905032L6    
3905084      
3905090      
3905109      
3905138   SG 
3905150   SG 
3905210      
3905227      
3905233      
3905256      
3905262      
3905279      
3905285      
3905291      
3905724L6    
3905919      
3905925      
3905948      
3905960      
3905977      
3905983      
3906126      
3906155      
3906178      
3906238      
3906244      
3906250      
3906267      
3906416      
3906439      
3906451      
3906474      
3906497      
3906511      
3906534      
3906557      
3906563L12   
3906592L12   
3906600L12   
3906617L12   
3906646L12   
3906824      
3906830L12   
3906847L6    
3906853L6    
3906876L6    
3906882L6    
3907060      
3907083      
3907114      
3907137      
3907166      
3907396      
3907404      
3907410      
3907427      
3907433      
3907456      
3907462      
3907479      
3907485      
3907491      
3907516      
3907522      
3907539      
3907568      
3907829      
3908036      
3908042      
3908125L6    
3908131L6    
3908148L6    
3908154L6    
3908473      
3908496      
3908504      
3908651      
3908757      
3908763      
3908800      
3908823      
3908852      
3908906   SG 
3909018      
3909024      
3909030      
3909047      
3909248      
3909254      
3909308      
3909314      
3909320      
3909343      
3909484      
3909490      
3909509      
3909515      
3909521      
3909538      
3909544      
3909604      
3909685      
3909691      
3909739L12   
3909751L12   
3909811      
3909840      
3909857      
3909892      
3909900      
3909917      
3909952      
3910010      
3910033      
3910056      
3910079      
3910406      
3910429      
3910441      
3910458      
3910501      
3910518      
3910524      
3910530      
3910547      
3910553      
3910576      
3910582      
3910889      
3910895      
3910949      
3910961      
3910978      
3910984      
3911050      
3911067      
3911096      
3911104      
3911179      
3911216      
3911222      
3911251      
3911386      
3911564      
3911570      
3911587      
3911624      
3911630      
3911676      
3911943      
3911966      
3912167      
3912173      
3912291      
3912316      
3912322      
3912339      
3912345      
3912374      
3912380      
3912405      
3912411      
3912434      
3912612      
3912641      
3912747L6    
3912753L6    
3912776L6    
3912782L6    
3912799L6    
3913801      
3913818      
3913824      
3913830      
3913847      
3913853      
3914189      
3914195      
3914232      
3914249      
3914255      
3914284      
3914290      
3914309      
3914321      
3914338      
3914373      
3914404      
3914427      
3914456      
3914479      
3914516      
3914522      
3914539      
3914545      
3914551      
3914568      
3914574      
3914580      
3914597      
3914686L6    
3915177      
3915220      
3915237      
3915243      
3915266      
3915496      
3915504      
3915680      
3915697      
3915958      
3915964      
3916001   SG 
3916018   SG 
3916053      
3916320      
3916372      
3916389      
3916395      
3916403      
3916449      
3916521      
3916538      
3916544      
3916550      
3916567      
3916573      
3916596      
3916604      
3916610      
3916627      
3916633      
3916797      
3916805      
3916981      
3917035      
3917064      
3917087      
3917242      
3917259      
3917265      
3917271      
3917294      
3917779      
3917785      
3917791      
3917992L6    
3918000L6    
3918075      
3918081      
3918141      
3918158      
3918164      
3918170      
3918224      
3918253      
3918276      
3918282      
3918313      
3918336      
3918342      
3918661      
3918804      
3918810      
3918827      
3918974      
3919034      
3919301      
3919488L6    
3919494L6    
3919502L6    
3919620      
3919637      
3919873      
3920126      
3920161      
3920310      
3920327      
3920333      
3920356      
3920362      
3920379      
3920385      
3920391      
3920416      
3920439      
3920451      
3920474      
3920675L6    
3920681L6    
3920735L6    
3920876      
3920882      
3920942      
3920959      
3921048      
3921054      
3921060      
3921077      
3921195      
3921203      
3921344      
3921350      
3921367      
3921373      
3921396      
3921456      
3921462      
3921491      
3921516      
3921717      
3921723      
3921835      
3921841      
3922007      
3922013      
3922036      
3922220      
3922237      
3922409      
3922415      
3922421      
3922438      
3922496      
3922504      
3922510      
3922527      
3922533      
3922668L6    
3922674L6    
3922680L6    
3922912      
3922929      
3922935      
3922941      
3922958      
3922964      
3923024      
3923030      
3923047      
3923053      
3923076      
3923082      
3923099      
3923136      
3923739L12   
3923745L12   
3923900      
3923917      
3923923      
3923946      
3924101      
3924147      
3924153      
3924176      
3924182      
3924199      
3924259L6    
3924265L6    
3924271L6    
3924348      
3924354      
3924360      
3924377      
3924437      
3924466      
3924472      
3924489      
3924495      
3924503      
3924762      
3924785      
3925052      
3925069      
3925075      
3925081      
3925098      
3925106      
3925112      
3925187      
3925224   SG 
3925307      
3925313      
3925342      
3925394      
3925402      
3925572      
3925603      
3925626      
3925709      
3925715L6    
3925810      
3925827      
3925833      
3925856      
3925862      
3925879      
3925916      
3925922      
3926206      
3926353      
3926465      
3926471      
3926519      
3926525      
3926531      
3926548      
3926554      
3926560      
3926577      
3926672      
3926689      
3926695      
3926726      
3926732      
3926809      
3926815      
3926896      
3926904      
3926910      
3926927      
3927045      
3927051      
3927068      
3927074      
3927080      
3927097      
3927105      
3927111      
3927128      
3927140      
3927269      
3927275      
3927298      
3927306      
3927430      
3927447      
3927453      
3927476      
3927588      
3927619      
3927625      
3927631      
3927743   SG 
3927766   SG 
3927772   SG 
3927789   SG 
3927795   SG 
3927803   SG 
3927855      
3927878      
3927884      
3927890      
3928062      
3928197L6    
3928205L6    
3928211      
3928547      
3928576      
3928642      
3928659      
3928665      
3928719      
3928725      
3928731      
3928748      
3928754      
3928760      
3928777      
3928783      
3928808      
3928814      
3928820      
3928837      
3928895      
3928903      
3928949      
3928955      
3929067      
3929363      
3929386      
3929452      
3929469      
3929498L3    
3929506L12   
3929512L12   
3929529L12   
3929535L12   
3929541L12   
3929558L12   
3929601      
3929618      
3929759L6    
3929765L6    
3929771L6    
3930030      
3930047      
3930053      
3930076      
3930082      
3930099      
3930107      
3930113      
3930136      
3930142      
3930188      
3930194      
3930202      
3930314      
3930320      
3930337      
3930343      
3930366      
3930521      
3930596      
3930604      
3930627      
3930662      
3930679      
3930685      
3930691      
3930739      
3930745      
3930751      
3930768      
3930892L6    
3930900L6    
3931153      
3931176      
3931182      
3931199      
3931207      
3931213      
3931383      
3931408      
3931437      
3931443      
3931590      
3931609      
3931621      
3931851      
3931868      
3931911      
3931928      
3931934      
3931940      
3932359      
3932460      
3932477      
3932483      
3932508      
3932514      
3932520      
3932603L3    
3932626L3    
3932632L3    
3932649L3    
3932655L3    
3932661L3    
3932678L3    
3932684L3    
3932690      
3932709      
3932810      
3932945      
3932951      
3932968      
3932974      
3932997      
3933005      
4131590L6    
4161036      
4162030      
4200003      
4200026      
4200032      
4200049      
4200121      
4200138      
4200210      
4200233      
4200581      
4200598      
4200606      
4200658      
4200664      
4200670      
4200687      
4200693      
4200701      
4200718      
4200724      
4200776      
4200782      
4200799      
4200807      
4200836      
4200842      
4200859      
4200865      
4200871L3    
4201155      
4201451      
4201468      
4201474      
4201480      
4201505      
4201528      
4201534      
4201540      
4201557      
4201563      
4201586      
4201592      
4201600      
4201617      
4201623      
4201646      
4201882      
4201899      
4201907      
4201965      
4201971      
4202479      
4202485      
4202491      
4202516      
4202522      
4202539      
4202545      
4202551      
4202663      
4202686      
4202746      
4202812      
4202829      
4202841      
4202858      
4202870      
4202887      
4203065      
4203071      
4203088      
4203094      
4203102      
4203409   SG 
4203415   SG 
4203438   SG 
4203444   SG 
4203473L6    
4203496L6    
4203504L6    
4203591L6    
4203616L6    
4203622L6    
4203639      
4203645      
4203958      
4203964      
4203970      
4203987      
4204142      
4204159      
4204337      
4204389      
4204395      
4204403      
4204426      
4204596L3    
4204604L3    
4204610L3    
4204627L3    
4204917      
4205414      
4205420L12   
4205437      
4205443L12   
4205667      
4205673      
4205868      
4206106      
4206112      
4206158      
4206170      
4206224      
4206230      
4206253      
4206276      
4206282      
4206299      
4206431      
4206508      
4206572      
4206589      
4206885      
4206891      
4206916      
4206922      
4206939      
4206945      
4206951      
4206968      
4206974      
4206980      
4206997      
4207005      
4207011      
4207057      
4207086      
4207100      
4207123      
4207146      
4207181      
4207206      
4207264      
4207270      
4207287      
4207293      
4207689      
4207726      
4208192      
4208252      
4208370      
4208387      
4208571      
4208660L6    
4208921L6    
4208938L6    
4208944L6    
4208973L6    
4208996L6    
4209062      
4209286      
4209292      
4209300      
4209317      
4209369      
4209375      
4209381      
4209412      
4209429      
4209435      
4209441      
4209458      
4209464      
4209671      
4209719      
4209725      
4209754      
4209760      
4209777      
4209866L3    
4209949      
4209955      
4210102L6    
4210131      
4210148      
4210154      
4210160      
4210177      
4210183      
4210208      
4210214      
4210220      
4210237      
4210243      
4210378      
4210384      
4210390      
4210409      
4210415      
4210421      
4210438      
4210444      
4210450      
4210467      
4210473      
4210496      
4210504      
4210510      
4210585      
4210757L6    
4210763      
4210786      
4210852L6    
4210869L6    
4210875L6    
4210881L6    
4210898      
4210906      
4210929      
4210935      
4210941      
4211018      
4211030L12   
4211047      
4211053      
4211076      
4211099      
4211113      
4211194      
4211202      
4211219      
4211225      
4211231      
4211248      
4211254      
4211260      
4211596      
4211604      
4211610      
4211627L6    
4211774      
4211886      
4211892      
4211900      
4211917      
4211946      
4211975L6    
4211998L6    
4212012L6    
4212035L6    
4212041      
4212058L6    
4212064      
4212070      
4212087      
4212093      
4212101      
4212118      
4212124      
4212147      
4212176      
4212236      
4212242      
4212265      
4212271      
4212294      
4212302      
4212319      
4212325      
4212354      
4212420      
4212443      
4212466      
4212472      
4212489      
4212495      
4212503      
4212526      
4212532      
4212549      
4212555      
4212561      
4212590      
4212609      
4212621      
4212638      
4212650      
4212667      
4212874      
4213046      
4213052      
4213081      
4213098      
4213106      
4213112      
4213129      
4213135      
4213141      
4213158      
4213193      
4213201      
4213218      
4213224      
4213230      
4213247      
4213253      
4213276      
4213282      
4213299      
4213307      
4213313      
4213336      
4213342      
4213359      
4213365      
4213388   SG 
4213394   SG 
4213402      
4213419      
4213537      
4213566      
4213678L3    
4213980      
4213997      
4214028      
4214034      
4214235      
4214241      
4214258      
4214264      
4214287      
4214293      
4214353L6    
4214502L6    
4214519L6    
4214525L6    
4214548      
4214554      
4214560      
4214577      
4214583      
4214608      
4214614      
4214620      
4214637      
4214643      
4214689      
4214695      
4214703      
4214726      
4214821      
4214838      
4214904      
4214910      
4214927      
4214933      
4214956      
4214962      
4214979      
4214985      
4214991      
4215016      
4215022      
4215039      
4215045      
4215051      
4215068      
4215074      
4215080      
4215097      
4215105      
4215111      
4215186      
4215192      
4215200      
4215217      
4215298      
4215306      
4215364      
4215370      
4215387      
4215393      
4215401      
4215430      
4215447      
4215453      
4215476      
4215482      
4215559      
4215565      
4215571      
4215588      
4215594      
4215619      
4215625      
4215772L3 SG 
4215789L3 SG 
4215795L3 SG 
4215861      
4215878      
4215921      
4215938      
4216010      
4216352      
4216671      
4216688      
4216694      
4216702      
4216719      
4217340      
4217357      
4217363      
4217386      
4217392      
4217400      
4217512L12   
4217529L12   
4217535L12   
4217541L12   
4217558      
4217707      
4217713      
4217736      
4217742      
4217759      
4217765      
4217771      
4217788      
4217794      
4217802      
4217819      
4217825      
4217831      
4217848      
4217854      
4218262      
4218279      
4218285      
4218291      
4218316      
4218339      
4218351      
4218368      
4218374      
4218428      
4218434      
4219244      
4219327      
4219333      
4219505      
4219511      
4220419      
4220483      
4220508      
4220626      
4220632      
4220649      
4220655      
4220661      
4220678      
4220684      
4220690      
4220709      
4220715      
4220750      
4220804      
4220827      
4220833      
4220856      
4220862      
4220879      
4220997      
4221005      
4221100      
4221206   SG 
4221212   SG 
4221229   SG 
4221235   SG 
4221264L6    
4221399      
4221407      
4221689      
4221695      
4221703      
4221726      
4221732      
4221749      
4221755      
4221761      
4221778      
4221784      
4221790      
4221809      
4221815      
4221821      
4221838      
4221927      
4221933      
4221956      
4221962      
4221979      
4221985      
4221991      
4222016      
4222186      
4222217      
4222306      
4222312      
4222329      
4222335      
4222341      
4222358      
4222364      
4222370      
4222387      
4222393      
4222401      
4222418      
4222424      
4222430      
4223205L6    
4223300      
4223317      
4223323      
4223582      
4223665      
4223671      
4223694      
4223702      
4223719      
4223725      
4223748      
4223754      
4223760      
4223783      
4223814      
4223990      
4224038      
4224044      
4224073      
4224587      
4224593      
4224601      
4224618      
4224742   SG 
4224759   SG 
4224765   SG 
4224771   SG 
4224854      
4224860      
4224877      
4224883      
4224937      
4224943      
4224966      
4224989      
4225204      
4225210      
4225351      
4225368      
4225807      
4225813      
4225836      
4225842      
4225919      
4225925      
4225931      
4226155      
4226161      
4226178      
4226184      
4226190      
4226209      
4226221      
4226238      
4226250      
4226267      
4226362      
4226379      
4226764      
4226824      
4226830      
4227290      
4227580      
4227597      
4227605      
4227640      
4227657      
4227663      
4227686      
4227692      
4227829      
4227901      
4228042      
4228059      
4228065      
4228071      
4228088      
4228094      
4228102L6    
4228119      
4228125      
4228131      
4228148      
4228444      
4228579      
4228680      
4228697      
4228705      
4228711      
4228728      
4228734      
4228929      
4228935      
4228941      
4228993      
4229001      
4229030      
4229047      
4229082      
4229099      
4229478      
4229484      
4229509      
4229550      
4229567      
4229573      
4229596      
4230027      
4230033      
4230056      
4230062      
4230234L6    
4230240L6    
4230257L6    
4230470      
4230582      
4230814      
4230820      
4230843      
4230866      
4230895      
4230903      
4231564      
4231570      
4231587      
4231593      
4231989      
4231995      
4232003      
4232026      
4232196      
4232204      
4232210      
4232227      
4232285      
4232434      
4232569      
4232606      
4232641      
4232658      
4232670      
4232687      
4232701      
4232718      
4279677      
4450065      
4450071      
4450088      
4450094      
4450102      
4450119      
4450125      
4450131      
4450326      
4450361      
4450378      
4450645   SG 
4450651   SG 
4450668   SG 
4450958      
4450964      
4450970      
4450987      
4450993      
4451001      
4451018      
4451024      
4451030      
4451047      
4451076      
4451082      
4451099      
4451107      
4451113      
4451573      
4451811      
4451828      
4451834      
4451840      
4451857      
4451863      
4451886      
4451975      
4451998      
4452006      
4452029      
4452176      
4452182      
4452199      
4452360      
4452377      
4453164      
4453193      
4453201      
4453282      
4453299      
4453307      
4453313      
4453336      
4453425      
4453431      
4453448      
4453454      
4454407      
4454413      
4454442      
4454459      
4454465      
4454488      
4454494      
4454502      
4454519      
4454525      
4454620      
4454637      
4454643      
4454689      
4454695      
4454703      
4454726      
4454784      
4454790      
4454809      
4454815      
4454821L6    
4454838      
4454867      
4454873      
4455111      
4455128      
4455134      
4455157      
4455275      
4455281      
4455298      
4455306      
4455683      
4455708      
4455737      
4455743      
4455766      
4455772      
4455915      
4455921      
4455938      
4455944      
4455973      
4456004      
4456010      
4456027      
4456033      
4456056      
4456091      
4456122      
4456139      
4456145      
4456151      
4456369      
4456398      
4456406      
4456412      
4456694      
4456748      
4456760      
4456889      
4456895      
4456903      
4456926      
4456978      
4456984      
4456990      
4457009      
4457050      
4457386L6    
4457452      
4457469      
4457475      
4458121      
4458150   SG 
4458167   SG 
4458173   SG 
4458196   SG 
4458204   SG 
4458291      
4458316      
4458374      
4458380      
4458397      
4458405      
4458411      
4458428L6    
4458434L6    
4458693      
4458701      
4458865      
4459008      
4459155      
4459161      
4459178      
4460282      
4460307      
4460425L6    
4460460L6    
4460477      
4460483      
4460543      
4460566      
4460827      
4460833      
4460856      
4460951      
4461264      
4461270      
4461755      
4461761      
4462045      
4462068      
4462074      
4462080L6    
4462223      
4462246      
4462252      
4462269      
4462275      
4462370      
4462424      
4462430      
4462447      
4462453      
4462683      
4462714      
4463062      
4463079      
4463085      
4463091      
4463116      
4463122      
4463211      
4463228      
4463286      
4463292      
4463783      
4463808      
4463814      
4463820      
4463984      
4463990      
4464127      
4464133      
4464156      
4464162      
4464179      
4464185      
4464191      
4464392      
4464400      
4464417      
4464423      
4464498L6    
4464765      
4464771      
4464788      
4464854      
4464860      
4464877      
4464883      
4465121      
4465138      
4465144      
4465150      
4465167      
4465173      
4465196      
4465204      
4465210      
4465227      
4465262      
4465279      
4465339      
4465351      
4465500      
4465517      
4465523      
4465546      
4465612      
4465629      
4465635      
4465641      
4465658      
4465664      
4465670      
4465687      
4465807      
4465813      
4465902      
4465919      
4465925      
4465931      
4465948      
4465954      
4465960      
4465977      
4465983      
4466008      
4466014      
4466132      
4466149      
4466155      
4466190   SG 
4466209   SG 
4466215   SG 
4466221   SG 
4466238   SG 
4466244   SG 
4466304      
4466310      
4466646      
4466652      
4466669      
4466675      
4466681      
4466698      
4466818      
4466847      
4466899      
4466936      
4467315      
4467321      
4467338      
4467344      
4467462      
4467479      
4467485      
4467812      
4467829      
4467835      
4467864      
4467870      
4467887      
4467999      
4468042      
4468208      
4468674      
4468680      
4468705      
4468711      
4468728      
4468734      
4468740      
4468757      
4468786      
4468800      
4468941   SG 
4468958   SG 
4468964   SG 
4468970      
4468993L6    
4469001L6    
4469018L6    
4469024L6    
4469225      
4469308      
4469515      
4469521      
4469538      
4469567      
4469573      
4469596      
4469604      
4469610      
4470547   SG 
4470553   SG 
4470576   SG 
4470582   SG 
4470702   SG 
4470719   SG 
4470725   SG 
4470926      
4470932      
4470949      
4470961      
4470978      
4470984      
4471280      
4471297      
4471481      
4471529      
4471535      
4471541      
4471558      
4471630      
4471647      
4471653      
4471699L6    
4471765      
4471771      
4471788      
4471794      
4471802      
4471819      
4471825      
4472084      
4472090      
4472109      
4472115      
4472121      
4472150      
4472173L12   
4472196L12   
4472204L12   
4472210L12   
4472233      
4472428      
4472486      
4472500      
4472523      
4472569      
4472575      
4472581      
4472598      
4472664      
4473072      
4473095      
4473333      
4473505      
4473540      
4473557      
4473563      
4473586      
4473592      
4473600      
4473735      
4473959L6    
4473965L6    
4473994      
4474002      
4474019      
4474025      
4474367      
4474396      
4474456      
4474462      
4474479      
4474485      
4474580      
4474597      
4474605      
4474835L3    
4474858L6    
4475042      
4475059      
4475065      
4475071      
4475556      
4475562      
4475823      
4475846      
4475875      
4475964      
4475970      
4475987      
4476248      
4476254      
4476515      
4476544      
4476596      
4476656      
4476662      
4476685      
4476751      
4476952      
4477064      
4477087      
4477093L6    
4477101L6    
4477124L6    
4477130      
4477182      
4477207      
4477555L6    
4477621      
4477638      
4477644      
4477650      
4477667      
4477673      
4477963      
4477986      
4477992      
4478052L6    
4478098      
4478106      
4478135      
4478141      
4478158      
4478164      
4478170      
4478187      
4478193      
4478201      
4478388      
4478394      
4478402      
4478419      
4478572      
4478589      
4478603      
4478715      
4478721      
4478738      
4478744      
4478750      
4478767      
4478773      
4478796      
4478804      
4478810      
4478827      
4478833      
4478856      
4478862      
4478879      
4478885      
4478916      
4479301      
4479488      
4479732L6    
4479838      
4479844      
4479896      
4479904      
4479910      
4480215      
4480221      
4480379L6    
4480385L6    
4480391L6    
4480416L6    
4480600      
4480652      
4480669      
4480675      
4480698L3    
4480706L3    
4480712L3    
4480729L3    
4480801      
4480818      
4480824      
4480830      
4480847      
4481203      
4481226      
4481350      
4481367      
4481404      
4481410      
4481456      
4481462      
4481634      
4481640      
4481657      
4481663      
4481686      
4481692      
4481700      
4481717      
4482042      
4482071      
4482183      
4482220      
4482237      
4482289      
4482295      
4482355      
4482361      
4482415      
4482467      
4482473      
4482496      
4482504      
4482527      
4482533      
4482556      
4482639      
4482645      
4482651      
4482668      
4580767L6    
4766101      
4766118      
4950684      
4950721      
4950856      
4950862      
4950879      
4950945      
4950951      
4951123      
4951175   SG 
4951181   SG 
4951198   SG 
4951206   SG 
4951212      
4951293      
4951301L6    
4951330      
4951407L3    
4951413L3    
4951436L3    
4951442L3    
4951459L3    
4951465L3    
4951471L3    
4951488L3    
4951494L3    
4951502L3    
4951525L3    
4951554      
4951560      
4951577      
4951583      
4951689      
4951695      
4951726      
4951732      
4951815      
4951979      
4952045   SG 
4952051   SG 
4952068   SG 
4952080      
4952559      
4952571      
4952588      
4952594      
4952602      
4952619      
4952625      
4952832      
4952849      
4952855      
4952861      
4953234      
4953240      
4953257      
4953263      
4953292      
4953300      
4953317      
4953323      
4953346      
4953352      
4953369      
4953375      
4953398      
4953406      
4953412      
4953429      
4953518      
4953530   SG 
4953547   SG 
4953553   SG 
4953576   SG 
4953582   SG 
4953599   SG 
4953671      
4953783      
4953808      
4953814      
4953837      
4953843      
4953866      
4953872      
4953895      
4954216      
4954222L6    
4954239L6    
4954328   SG 
4954334   SG 
4954340   SG 
4954357   SG 
4954423L3    
4954541      
4954558      
4954564      
4954601      
4954676      
4954707      
4954713      
4954802      
4954819      
4954825      
4954831      
4954848      
4954854      
4954966      
4954972   SG 
4954989   SG 
4954995   SG 
4955003   SG 
4955026   SG 
4955032   SG 
4955049   SG 
4955055   SG 
4955061   SG 
4955090      
4955109      
4955115      
4955138      
4955233      
4955256      
4955262      
4955724      
4955730      
4955776      
4955782      
4955799      
4955807      
4955842      
4955859      
4955865      
4955871      
4955888      
4955894      
4955902      
4955919      
4955925      
4955931      
4955948      
4955954      
4955960      
4956238      
4956244      
4956250      
4956391L6    
4956416L6    
4956422L6    
4956439L6    
4956474L6    
4956480L6    
4956617L3    
4956623L3    
4956712      
4956729      
4956735      
4956793      
4956818      
4956853L6    
4956876L6    
4956882L6    
4956899L6    
4956907L6    
4956913L6    
4956936L6    
4956942L6    
4956959   SG 
4956965   SG 
4956971   SG 
4956988   SG 
4956994   SG 
4957083      
4957108      
4957114      
4957137      
4957172      
4957189      
4957315      
4957321      
4957338      
4957344      
4957350      
4957367      
4957373      
4957404      
4957410      
4957456      
4957462      
4957485      
4957545      
4957580      
4957597      
4957605      
4957634      
4957640      
4957781      
4957798      
4958361      
4958378      
4958384      
4958438      
4958444      
4958450      
4958467      
4958527      
4958533      
4958556      
4959024      
4959053      
4959076      
4959923      
4959946L6    
4960079      
4960085      
4960091      
4960174      
4960240      
4960263      
4960286      
4960292      
4960300      
4960317      
4960323      
4960346      
4960352      
4960369      
4960470L6    
4960487L6    
4960493      
4960501      
4960518      
4960524      
4960530      
4960547      
4960553      
4960725L6    
4960731L6    
4960748L6    
4960754L6    
4960837      
4960872L6    
4960889L6    
4960895L6    
4960903L6    
4960926      
4961015      
4961021      
4961038      
4961044      
4961050      
4961067      
4961073L12   
4961096L12   
4961191      
4961216      
4961239      
4961251      
4961268      
4961274      
4961280      
4961297      
4961305      
4961311      
4961328      
4961334      
4961363      
4961512      
4961647      
4961699      
4961707      
4961713      
4961736      
4961742      
4961759      
4961854L3    
4961860L3    
4961877L3    
4961883L3    
4961908L3    
4961914L3    
4961920L3    
4961937L3    
4961943L3    
4961966L3    
4961972L3    
4961989L3    
4962115      
4962121      
4962138      
4962144      
4962150      
4962262L6    
4962279L6    
4962285L6    
4962291L6    
4962351      
4962374      
4962405      
4962411      
4962463      
4962486      
4962492      
4962500      
4962517      
4962523      
4962546      
4962575      
4962753      
4962776      
4962782      
4962799      
4963014L6    
4963037      
4963103L6    
4963126      
4963132      
4963155      
4963161      
4963178      
4963379      
4963563L6    
4963586L6    
4963592      
4963600      
4963669L6    
4963741      
4963758      
4963764      
4963770      
4963988      
4964019      
4964025      
4964031      
4964060      
4964433      
4964574      
4964663      
4964746      
4964812      
4964829      
4964924      
4964930      
4964947      
4965059      
4965065      
4965071      
4965088      
4965243      
4965266      
4965272      
4965332      
4965349      
4965355      
4965361      
4965409L6    
4965415L6    
4965562      
4965591      
4965711      
4965728      
4965734      
4965881      
4965898      
4965906      
4965993L6    
4966001L6    
4966082      
4966099      
4966107      
4966113      
4966136      
4966449L6    
4966455      
4966461      
4966478      
4966484      
4966490      
4966515      
4966521      
4966538      
4966550      
4966567      
4966627      
4966685      
4966745      
4966751      
4966768      
4966774      
4967058      
4967064      
4967207      
4967420      
4967437      
4967443      
4967466      
4967472      
4967532      
4967549      
4967561      
4967609      
4967615      
4967621      
4967638      
4968106      
4968112      
4968129      
4968135      
4968141      
4968253      
4968276      
4968282      
4968336      
4968342      
4968537      
4968543      
4968566      
4968572      
4968589      
4968595      
4968603      
4968661      
4968862      
4968879      
4969040      
4969057      
4969063      
4969086      
4969092      
4969100      
4969152      
4969181      
4969198      
4969206      
4969212      
4969353   SG 
4969376   SG 
4969382   SG 
4969637      
4969643      
4969666      
4969689      
4969821      
4970184L6    
4970190L6    
4970209L6    
4970221      
4970250      
4970267      
4970273      
4970296      
4970304      
4970586      
4971077      
4971083      
4971203      
4971226      
4971396L6    
4971516      
4971522      
4972421      
4972438      
4972444      
4972450      
4972467      
4972473      
4972496      
4972504      
4972533   SG 
4972556   SG 
4972562   SG 
4972579   SG 
4972800      
4972852      
4972875      
4972881      
4972898      
4972906      
4972941      
4972958      
4972964      
4973001      
4973254      
4973260      
4973277      
4973283      
4973308      
4973774      
4973780      
4973797      
4973805      
4973811      
4973828      
4973834      
4973840      
4973857      
4973863      
4973886      
4973892      
4973923      
4973946      
4973952      
4973969      
4973975      
4973981      
4973998      
4974006      
4974130L6    
4974466      
4974472      
4974489      
4974615      
4974638      
4974845      
4974851      
4975158      
4975164      
4975187      
4975193      
4975218      
4975224      
4975253      
4975276      
4975282      
4975299      
4975307      
4975313      
4975827      
4975922      
4975974      
4975980      
4975997      
4976212      
4976235      
4976241      
4976318      
4976324      
4976330      
4976347      
4976577      
4976583      
4976620      
4976637      
4976643      
4976666      
4976778      
4976790      
4976815      
4977016      
4977022      
4977039      
4977045      
4977080      
4977097      
4977105      
4977111      
4977335      
4977341L6    
4977743      
4978381      
4978398      
4978429      
4978435      
4978872      
4978895      
4979334      
4979340      
4979357      
4979363      
4979386      
4979392      
4979400      
4979417      
4979423      
4979446      
4979452      
4979469      
4979475      
4979481      
4979877L6    
4979883L6    
4980171      
4980389      
4981064      
4981093      
4981101      
4981118      
4981124      
4981271      
4981288      
4981294      
4981302      
4981319      
4981325      
4981443      
4981466      
4981549      
4981555      
4981561      
4981578      
4981615      
4981621      
4981638      
4981644      
4981650      
4981667      
4981762      
4981779      
4981785      
4981791      
4981816      
4981822      
4981963      
4981986      
4981992      
4982744      
4982750      
4982767      
4982773      
4982796      
4982856      
4982891      
4982922      
4983206      
4983212      
4983229      
4983235      
4983519      
4983525      
4983531      
4983548      
4983583      
4983608      
4983614      
4983620      
4983637      
4983703      
4983726      
4983732      
4984559      
4984565      
4984789      
4984795      
4984803      
4985458      
4985464      
4985470      
4985978      
4985984      
4986653      
4986676      
4986682      
4986699      
4986707      
4986713      
4986736      
4987049L6    
4987055      
4987345      
4987405      
4987411      
4987428      
4987434      
4987440      
4987457      
4987463      
4987486      
4987492      
4987500      
4987523      
4987641      
4987658      
4987664      
4987670      
4987687      
4987693      
4988988      
4988994      
4989002      
4989019      
4989025      
4989031      
4989048      
4989054      
4989580      
4989597      
4990301      
4990318L6    
4990382      
4990399      
4990436L4    
4991045      
4991068      
4991080      
4991105      
4991128      
4991140      
4991163      
4991200      
4991217      
4991223      
4991298      
4991306      
4991312      
4991329      
4991335      
4991341      
4991358      
4991430      
4991447      
4991453      
4991476      
4991482      
4991499      
4991507      
4991513      
4992895      
4992961   SG 
4992978   SG 
4992984   SG 
4992990   SG 
4993009   SG 
4993015   SG 
4993021   SG 
4993038   SG 
4993044   SG 
4993050   SG 
4993297      
4993305      
4993535      
4993558      
4993564      
4993570      
4993587      
4993593      
4993601      
4993682      
4993819   SG 
4993825   SG 
4993831   SG 
4993848   SG 
4993854   SG 
4993860   SG 
4993877   SG 
4993883   SG 
4993908   SG 
4993914   SG 
4993937      
4993972      
4993989L6    
5048158      
5048164      
5048170      
5048187      
5075273      
5075296      
5167319      
5167377      
5415102      
5415119      
5415125      
5415131      
5500049L12   
5500055L12   
5500078      
5500084L12   
5500090L12   
5500115L12   
5500121L12   
5500144L12   
5500150L12   
5501267      
5501474      
5501497      
5501505      
5501511      
5501528      
5501994      
5502232      
5502249      
5502255      
5502261      
5502752      
5502769      
5502841      
5502858      
5502864      
5502870      
5502887      
5502893      
5502901      
5502918      
5502924      
5502930      
5502947      
5502953      
5502976      
5502982      
5503970      
5504219      
5504225      
5504231      
5504248      
5504254      
5504260      
5504277      
5504679      
5504685      
5505207      
5505213      
5505236      
5505242      
5505259      
5505265      
5505271      
5505727L6    
5506069L6    
5506075      
5506081      
5506098      
5506106      
5506112      
5506129      
5506135      
5507206      
5509027      
5509033      
5509056      
5509062      
5577477      
5577649      
5577655      
